1 -1 2 -1 3 -1 4 -1 -2
3 -1 5 -1 6 -1 4 -1 -2
3 -1 4 -1 -2
3 -1 5 -1 6 -1 7 -1 8 -1 4 -1 -2
3 -1 4 -1 -2
3 -1 4 -1 -2
5 -1 6 -1 3 -1 4 -1 -2
3 -1 5 -1 6 -1 4 -1 -2
5 -1 6 -1 3 -1 9 -1 10 -1 5 -1 6 -1 4 -1 7 -1 1 -1 2 -1 3 -1 8 -1 4 -1 -2
3 -1 7 -1 8 -1 4 -1 -2
3 -1 4 -1 -2
3 -1 5 -1 6 -1 4 -1 -2
3 -1 4 -1 1 -1 2 -1 3 -1 4 -1 -2
5 -1 6 -1 9 -1 3 -1 7 -1 8 -1 10 -1 5 -1 4 -1 6 -1 -2
3 -1 4 -1 1 -1 2 -1 3 -1 4 -1 -2
3 -1 5 -1 6 -1 4 -1 -2
3 -1 4 -1 1 -1 2 -1 3 -1 4 -1 1 -1 2 -1 3 -1 4 -1 -2
1 -1 2 -1 3 -1 4 -1 -2
3 -1 4 -1 -2
3 -1 4 -1 -2
3 -1 7 -1 4 -1 1 -1 2 -1 3 -1 8 -1 4 -1 -2
3 -1 7 -1 8 -1 4 -1 -2
1 -1 2 -1 3 -1 7 -1 8 -1 4 -1 -2
3 -1 7 -1 8 -1 4 -1 -2
3 -1 7 -1 8 -1 4 -1 -2
1 -1 2 -1 3 -1 7 -1 8 -1 11 -1 12 -1 7 -1 8 -1 4 -1 -2
3 -1 7 -1 8 -1 4 -1 -2
3 -1 7 -1 8 -1 4 -1 -2
3 -1 7 -1 8 -1 4 -1 13 -1 14 -1 -2
3 -1 7 -1 8 -1 4 -1 -2
3 -1 7 -1 8 -1 4 -1 -2
1 -1 2 -1 3 -1 7 -1 8 -1 4 -1 -2
3 -1 7 -1 8 -1 4 -1 -2
13 -1 14 -1 3 -1 7 -1 4 -1 1 -1 2 -1 3 -1 4 -1 1 -1 2 -1 3 -1 8 -1 4 -1 -2
3 -1 7 -1 8 -1 4 -1 -2
3 -1 7 -1 8 -1 5 -1 4 -1 6 -1 -2
3 -1 7 -1 8 -1 4 -1 -2
1 -1 2 -1 3 -1 7 -1 4 -1 1 -1 2 -1 3 -1 8 -1 11 -1 4 -1 12 -1 7 -1 8 -1 -2
3 -1 7 -1 8 -1 4 -1 -2
13 -1 14 -1 3 -1 7 -1 8 -1 4 -1 5 -1 6 -1 -2
3 -1 7 -1 8 -1 4 -1 1 -1 2 -1 3 -1 4 -1 -2
3 -1 7 -1 8 -1 4 -1 -2
3 -1 7 -1 8 -1 4 -1 1 -1 2 -1 3 -1 4 -1 5 -1 6 -1 -2
9 -1 3 -1 4 -1 1 -1 2 -1 3 -1 10 -1 5 -1 6 -1 4 -1 -2
3 -1 7 -1 4 -1 1 -1 2 -1 8 -1 3 -1 4 -1 1 -1 2 -1 3 -1 4 -1 -2
3 -1 7 -1 8 -1 4 -1 1 -1 2 -1 3 -1 4 -1 -2
3 -1 7 -1 8 -1 4 -1 1 -1 2 -1 3 -1 4 -1 -2
3 -1 7 -1 8 -1 4 -1 5 -1 6 -1 -2
9 -1 10 -1 5 -1 6 -1 3 -1 7 -1 8 -1 4 -1 1 -1 2 -1 3 -1 4 -1 -2
3 -1 7 -1 8 -1 4 -1 -2
3 -1 4 -1 1 -1 2 -1 7 -1 3 -1 8 -1 4 -1 -2
3 -1 4 -1 1 -1 2 -1 7 -1 8 -1 3 -1 4 -1 5 -1 6 -1 -2
3 -1 7 -1 8 -1 4 -1 -2
3 -1 7 -1 8 -1 4 -1 -2
3 -1 4 -1 -2
3 -1 7 -1 8 -1 4 -1 1 -1 2 -1 3 -1 4 -1 1 -1 2 -1 3 -1 4 -1 -2
3 -1 5 -1 6 -1 4 -1 -2
3 -1 4 -1 7 -1 1 -1 2 -1 3 -1 8 -1 4 -1 1 -1 2 -1 3 -1 4 -1 -2
3 -1 7 -1 8 -1 4 -1 1 -1 2 -1 3 -1 4 -1 -2
3 -1 7 -1 8 -1 4 -1 5 -1 6 -1 -2
3 -1 4 -1 -2
3 -1 4 -1 -2
3 -1 4 -1 5 -1 6 -1 9 -1 10 -1 5 -1 6 -1 -2
3 -1 4 -1 -2
3 -1 4 -1 -2
1 -1 2 -1 3 -1 5 -1 6 -1 4 -1 -2
3 -1 4 -1 -2
3 -1 4 -1 -2
3 -1 4 -1 -2
3 -1 4 -1 -2
3 -1 4 -1 1 -1 2 -1 7 -1 8 -1 3 -1 4 -1 -2
3 -1 4 -1 -2
3 -1 4 -1 -2
5 -1 3 -1 6 -1 9 -1 10 -1 5 -1 6 -1 9 -1 10 -1 5 -1 4 -1 6 -1 -2
13 -1 14 -1 15 -1 3 -1 16 -1 13 -1 14 -1 4 -1 -2
3 -1 5 -1 6 -1 9 -1 10 -1 5 -1 6 -1 9 -1 10 -1 5 -1 6 -1 9 -1 10 -1 5 -1 6 -1 4 -1 -2
1 -1 2 -1 3 -1 4 -1 -2
3 -1 13 -1 14 -1 5 -1 15 -1 6 -1 16 -1 9 -1 10 -1 7 -1 8 -1 13 -1 14 -1 5 -1 6 -1 4 -1 -2
3 -1 5 -1 6 -1 4 -1 1 -1 2 -1 3 -1 4 -1 -2
5 -1 3 -1 6 -1 4 -1 -2
13 -1 14 -1 3 -1 7 -1 8 -1 4 -1 -2
3 -1 7 -1 8 -1 4 -1 -2
3 -1 4 -1 7 -1 1 -1 2 -1 3 -1 4 -1 1 -1 2 -1 3 -1 8 -1 4 -1 -2
1 -1 2 -1 3 -1 7 -1 8 -1 4 -1 -2
3 -1 7 -1 8 -1 4 -1 5 -1 6 -1 -2
3 -1 7 -1 8 -1 4 -1 -2
3 -1 7 -1 8 -1 4 -1 -2
3 -1 7 -1 8 -1 4 -1 5 -1 6 -1 -2
3 -1 7 -1 8 -1 4 -1 -2
3 -1 7 -1 8 -1 4 -1 -2
3 -1 7 -1 8 -1 4 -1 5 -1 6 -1 -2
3 -1 7 -1 8 -1 4 -1 -2
3 -1 7 -1 8 -1 4 -1 -2
1 -1 2 -1 3 -1 7 -1 8 -1 4 -1 -2
13 -1 14 -1 3 -1 7 -1 8 -1 4 -1 -2
3 -1 7 -1 5 -1 6 -1 8 -1 4 -1 -2
3 -1 7 -1 8 -1 4 -1 -2
3 -1 7 -1 8 -1 4 -1 -2
3 -1 7 -1 8 -1 4 -1 -2
3 -1 7 -1 4 -1 1 -1 2 -1 3 -1 4 -1 1 -1 2 -1 3 -1 8 -1 4 -1 -2
1 -1 2 -1 3 -1 7 -1 8 -1 5 -1 6 -1 4 -1 -2
1 -1 2 -1 3 -1 7 -1 5 -1 6 -1 8 -1 4 -1 -2
3 -1 7 -1 5 -1 8 -1 6 -1 4 -1 -2
3 -1 7 -1 8 -1 5 -1 6 -1 9 -1 10 -1 5 -1 6 -1 9 -1 10 -1 5 -1 6 -1 4 -1 -2
1 -1 2 -1 3 -1 5 -1 6 -1 9 -1 10 -1 5 -1 6 -1 4 -1 -2
3 -1 7 -1 5 -1 6 -1 9 -1 10 -1 5 -1 8 -1 6 -1 9 -1 10 -1 4 -1 5 -1 6 -1 -2
3 -1 5 -1 6 -1 9 -1 10 -1 5 -1 6 -1 9 -1 10 -1 5 -1 6 -1 4 -1 9 -1 10 -1 5 -1 6 -1 -2
3 -1 7 -1 5 -1 6 -1 9 -1 10 -1 5 -1 6 -1 8 -1 4 -1 -2
1 -1 2 -1 3 -1 5 -1 6 -1 4 -1 -2
3 -1 7 -1 4 -1 1 -1 2 -1 3 -1 5 -1 6 -1 9 -1 10 -1 5 -1 6 -1 9 -1 10 -1 5 -1 6 -1 8 -1 4 -1 -2
3 -1 7 -1 8 -1 11 -1 5 -1 12 -1 7 -1 8 -1 6 -1 9 -1 10 -1 5 -1 6 -1 4 -1 -2
3 -1 7 -1 5 -1 6 -1 8 -1 4 -1 -2
3 -1 5 -1 6 -1 4 -1 -2
3 -1 7 -1 8 -1 5 -1 6 -1 9 -1 10 -1 5 -1 6 -1 4 -1 -2
3 -1 7 -1 5 -1 8 -1 6 -1 4 -1 -2
3 -1 7 -1 5 -1 6 -1 9 -1 10 -1 5 -1 6 -1 8 -1 9 -1 10 -1 5 -1 6 -1 4 -1 -2
3 -1 7 -1 8 -1 5 -1 6 -1 9 -1 10 -1 5 -1 6 -1 4 -1 -2
3 -1 7 -1 5 -1 8 -1 6 -1 4 -1 -2
1 -1 2 -1 3 -1 7 -1 8 -1 4 -1 -2
3 -1 5 -1 6 -1 4 -1 -2
3 -1 4 -1 -2
3 -1 4 -1 -2
3 -1 4 -1 -2
3 -1 4 -1 5 -1 6 -1 -2
3 -1 4 -1 -2
3 -1 4 -1 1 -1 2 -1 3 -1 4 -1 -2
3 -1 4 -1 -2
3 -1 5 -1 6 -1 4 -1 -2
1 -1 2 -1 3 -1 4 -1 -2
3 -1 4 -1 -2
3 -1 4 -1 -2
3 -1 4 -1 -2
13 -1 14 -1 3 -1 4 -1 -2
1 -1 2 -1 3 -1 4 -1 -2
3 -1 4 -1 -2
3 -1 4 -1 5 -1 6 -1 -2
3 -1 4 -1 -2
3 -1 4 -1 -2
3 -1 4 -1 -2
3 -1 5 -1 6 -1 4 -1 -2
9 -1 1 -1 2 -1 3 -1 4 -1 10 -1 -2
5 -1 3 -1 6 -1 9 -1 10 -1 5 -1 4 -1 6 -1 -2
9 -1 3 -1 4 -1 10 -1 5 -1 6 -1 -2
3 -1 5 -1 4 -1 6 -1 -2
3 -1 4 -1 -2
3 -1 4 -1 -2
3 -1 4 -1 -2
3 -1 4 -1 -2
3 -1 4 -1 -2
3 -1 4 -1 -2
3 -1 4 -1 -2
3 -1 4 -1 -2
3 -1 4 -1 -2
3 -1 4 -1 5 -1 6 -1 -2
3 -1 4 -1 -2
3 -1 4 -1 -2
3 -1 4 -1 -2
3 -1 4 -1 -2
3 -1 4 -1 -2
3 -1 4 -1 -2
3 -1 4 -1 -2
3 -1 4 -1 -2
3 -1 4 -1 -2
3 -1 4 -1 -2
5 -1 3 -1 6 -1 4 -1 -2
3 -1 4 -1 1 -1 2 -1 3 -1 4 -1 -2
3 -1 4 -1 1 -1 2 -1 13 -1 14 -1 3 -1 4 -1 -2
3 -1 4 -1 1 -1 2 -1 3 -1 4 -1 -2
3 -1 4 -1 1 -1 2 -1 3 -1 4 -1 -2
3 -1 4 -1 -2
3 -1 4 -1 1 -1 2 -1 3 -1 4 -1 1 -1 2 -1 3 -1 4 -1 -2
3 -1 4 -1 1 -1 2 -1 3 -1 4 -1 -2
1 -1 2 -1 3 -1 4 -1 1 -1 2 -1 3 -1 4 -1 -2
3 -1 4 -1 -2
3 -1 5 -1 6 -1 4 -1 -2
1 -1 2 -1 3 -1 4 -1 -2
3 -1 4 -1 -2
3 -1 4 -1 5 -1 6 -1 -2
3 -1 4 -1 -2
3 -1 4 -1 1 -1 2 -1 3 -1 4 -1 -2
3 -1 7 -1 8 -1 4 -1 1 -1 2 -1 3 -1 4 -1 1 -1 2 -1 3 -1 4 -1 5 -1 6 -1 -2
3 -1 4 -1 -2
3 -1 7 -1 8 -1 4 -1 1 -1 2 -1 3 -1 4 -1 -2
3 -1 7 -1 8 -1 5 -1 4 -1 6 -1 -2
3 -1 7 -1 8 -1 4 -1 -2
1 -1 2 -1 3 -1 7 -1 8 -1 4 -1 -2
3 -1 7 -1 8 -1 4 -1 -2
1 -1 2 -1 3 -1 7 -1 8 -1 4 -1 -2
3 -1 7 -1 8 -1 4 -1 -2
3 -1 4 -1 -2
3 -1 7 -1 8 -1 4 -1 -2
3 -1 7 -1 8 -1 4 -1 -2
3 -1 7 -1 8 -1 4 -1 -2
3 -1 4 -1 5 -1 6 -1 -2
3 -1 7 -1 8 -1 4 -1 -2
1 -1 2 -1 3 -1 7 -1 8 -1 4 -1 5 -1 6 -1 -2
3 -1 7 -1 8 -1 4 -1 1 -1 2 -1 3 -1 4 -1 5 -1 6 -1 -2
3 -1 7 -1 8 -1 4 -1 5 -1 6 -1 -2
3 -1 7 -1 4 -1 1 -1 2 -1 3 -1 8 -1 4 -1 1 -1 2 -1 3 -1 4 -1 -2
3 -1 7 -1 8 -1 11 -1 4 -1 1 -1 2 -1 12 -1 -2
