1 -1 3 -1 5 -1 7 -1 9 -1 15 -1 17 -1 19 -1 21 -1 23 -1 25 -1 29 -1 31 -1 33 -1 10 -1 11 -1 26 -1 27 -1 28 -1 12 -1 13 -1 30 -1 27 -1 28 -1 32 -1 16 -1 18 -1 20 -1 2 -1 4 -1 6 -1 8 -1 14 -1 22 -1 24 -1 34 -1 -2
35 -1 9 -1 37 -1 39 -1 41 -1 10 -1 11 -1 12 -1 36 -1 38 -1 40 -1 42 -1 -2
5 -1 45 -1 23 -1 47 -1 49 -1 11 -1 46 -1 24 -1 48 -1 50 -1 43 -1 6 -1 35 -1 44 -1 17 -1 12 -1 29 -1 9 -1 30 -1 36 -1 10 -1 18 -1 -2
1 -1 5 -1 53 -1 13 -1 55 -1 14 -1 11 -1 57 -1 6 -1 51 -1 56 -1 43 -1 58 -1 44 -1 17 -1 12 -1 18 -1 43 -1 44 -1 2 -1 52 -1 54 -1 -2
35 -1 59 -1 61 -1 63 -1 45 -1 49 -1 27 -1 65 -1 67 -1 68 -1 11 -1 67 -1 47 -1 68 -1 66 -1 31 -1 46 -1 21 -1 23 -1 32 -1 36 -1 5 -1 12 -1 13 -1 48 -1 6 -1 14 -1 60 -1 62 -1 64 -1 22 -1 24 -1 50 -1 28 -1 -2
35 -1 9 -1 15 -1 69 -1 19 -1 37 -1 39 -1 41 -1 25 -1 31 -1 73 -1 10 -1 11 -1 17 -1 18 -1 36 -1 38 -1 42 -1 45 -1 26 -1 32 -1 71 -1 67 -1 75 -1 40 -1 12 -1 72 -1 68 -1 76 -1 16 -1 70 -1 20 -1 46 -1 74 -1 -2
59 -1 61 -1 63 -1 21 -1 79 -1 11 -1 22 -1 77 -1 65 -1 12 -1 45 -1 78 -1 47 -1 48 -1 46 -1 60 -1 62 -1 64 -1 66 -1 80 -1 -2
81 -1 15 -1 69 -1 17 -1 19 -1 67 -1 45 -1 83 -1 46 -1 11 -1 45 -1 7 -1 46 -1 12 -1 68 -1 31 -1 8 -1 82 -1 16 -1 70 -1 84 -1 18 -1 20 -1 32 -1 -2
67 -1 77 -1 11 -1 78 -1 47 -1 65 -1 45 -1 48 -1 46 -1 12 -1 47 -1 21 -1 48 -1 22 -1 66 -1 68 -1 -2
37 -1 25 -1 31 -1 38 -1 11 -1 45 -1 85 -1 49 -1 46 -1 86 -1 50 -1 12 -1 26 -1 32 -1 -2
87 -1 35 -1 89 -1 71 -1 73 -1 67 -1 75 -1 11 -1 12 -1 68 -1 76 -1 88 -1 36 -1 90 -1 72 -1 74 -1 -2
51 -1 91 -1 27 -1 65 -1 45 -1 49 -1 47 -1 67 -1 46 -1 21 -1 93 -1 11 -1 48 -1 94 -1 47 -1 39 -1 48 -1 40 -1 47 -1 66 -1 23 -1 52 -1 5 -1 12 -1 48 -1 6 -1 92 -1 22 -1 24 -1 50 -1 28 -1 68 -1 -2
95 -1 11 -1 12 -1 96 -1 -2
17 -1 11 -1 18 -1 55 -1 57 -1 5 -1 58 -1 29 -1 12 -1 13 -1 30 -1 71 -1 73 -1 75 -1 72 -1 76 -1 6 -1 14 -1 56 -1 74 -1 -2
51 -1 9 -1 81 -1 83 -1 57 -1 10 -1 11 -1 84 -1 52 -1 82 -1 97 -1 89 -1 90 -1 12 -1 13 -1 98 -1 65 -1 83 -1 53 -1 54 -1 14 -1 84 -1 58 -1 66 -1 -2
99 -1 29 -1 31 -1 9 -1 100 -1 10 -1 99 -1 11 -1 101 -1 102 -1 12 -1 13 -1 100 -1 14 -1 30 -1 32 -1 -2
87 -1 115 -1 71 -1 73 -1 75 -1 113 -1 107 -1 109 -1 111 -1 53 -1 72 -1 76 -1 103 -1 54 -1 88 -1 89 -1 1 -1 90 -1 104 -1 105 -1 108 -1 110 -1 112 -1 114 -1 106 -1 2 -1 116 -1 74 -1 -2
117 -1 113 -1 107 -1 109 -1 111 -1 118 -1 108 -1 110 -1 112 -1 114 -1 -2
119 -1 123 -1 5 -1 7 -1 113 -1 133 -1 135 -1 137 -1 121 -1 127 -1 124 -1 125 -1 131 -1 128 -1 65 -1 129 -1 134 -1 136 -1 138 -1 83 -1 132 -1 114 -1 139 -1 120 -1 122 -1 126 -1 6 -1 8 -1 130 -1 140 -1 84 -1 66 -1 -2
103 -1 1 -1 3 -1 51 -1 53 -1 127 -1 115 -1 21 -1 23 -1 47 -1 49 -1 73 -1 25 -1 74 -1 22 -1 24 -1 45 -1 52 -1 113 -1 26 -1 133 -1 135 -1 137 -1 27 -1 39 -1 46 -1 57 -1 21 -1 104 -1 2 -1 58 -1 117 -1 4 -1 40 -1 73 -1 125 -1 141 -1 28 -1 25 -1 23 -1 26 -1 24 -1 27 -1 134 -1 136 -1 138 -1 114 -1 54 -1 39 -1 7 -1 28 -1 40 -1 25 -1 23 -1 26 -1 24 -1 118 -1 142 -1 126 -1 8 -1 128 -1 116 -1 22 -1 48 -1 50 -1 74 -1 -2
121 -1 87 -1 3 -1 53 -1 13 -1 37 -1 39 -1 77 -1 41 -1 113 -1 4 -1 107 -1 109 -1 111 -1 125 -1 88 -1 141 -1 122 -1 142 -1 105 -1 108 -1 110 -1 112 -1 143 -1 114 -1 38 -1 40 -1 42 -1 106 -1 126 -1 54 -1 144 -1 14 -1 78 -1 -2
103 -1 3 -1 5 -1 7 -1 115 -1 23 -1 47 -1 15 -1 19 -1 104 -1 117 -1 113 -1 135 -1 137 -1 133 -1 118 -1 16 -1 20 -1 105 -1 8 -1 53 -1 139 -1 106 -1 117 -1 54 -1 7 -1 141 -1 118 -1 134 -1 136 -1 138 -1 103 -1 145 -1 147 -1 8 -1 140 -1 53 -1 48 -1 114 -1 65 -1 66 -1 146 -1 148 -1 104 -1 142 -1 4 -1 6 -1 54 -1 116 -1 24 -1 -2
149 -1 117 -1 1 -1 125 -1 89 -1 9 -1 151 -1 133 -1 135 -1 137 -1 113 -1 90 -1 53 -1 91 -1 65 -1 81 -1 152 -1 129 -1 2 -1 130 -1 151 -1 134 -1 136 -1 138 -1 114 -1 152 -1 150 -1 118 -1 126 -1 54 -1 10 -1 92 -1 82 -1 66 -1 -2
153 -1 105 -1 123 -1 89 -1 143 -1 115 -1 113 -1 133 -1 135 -1 137 -1 43 -1 144 -1 124 -1 106 -1 44 -1 121 -1 55 -1 134 -1 136 -1 138 -1 114 -1 154 -1 122 -1 90 -1 116 -1 56 -1 -2
105 -1 53 -1 13 -1 43 -1 21 -1 49 -1 22 -1 50 -1 113 -1 21 -1 49 -1 133 -1 135 -1 137 -1 22 -1 50 -1 44 -1 141 -1 59 -1 61 -1 63 -1 49 -1 50 -1 142 -1 54 -1 106 -1 134 -1 136 -1 138 -1 121 -1 114 -1 122 -1 14 -1 60 -1 62 -1 64 -1 -2
117 -1 5 -1 151 -1 27 -1 57 -1 79 -1 3 -1 152 -1 113 -1 133 -1 135 -1 137 -1 118 -1 105 -1 80 -1 17 -1 67 -1 89 -1 106 -1 91 -1 81 -1 103 -1 90 -1 58 -1 73 -1 104 -1 7 -1 105 -1 139 -1 83 -1 28 -1 25 -1 134 -1 136 -1 138 -1 147 -1 106 -1 114 -1 26 -1 68 -1 18 -1 4 -1 6 -1 8 -1 148 -1 92 -1 82 -1 140 -1 84 -1 74 -1 -2
125 -1 35 -1 95 -1 155 -1 97 -1 31 -1 113 -1 133 -1 135 -1 137 -1 1 -1 96 -1 91 -1 156 -1 81 -1 98 -1 65 -1 36 -1 83 -1 51 -1 126 -1 105 -1 134 -1 136 -1 138 -1 114 -1 106 -1 2 -1 52 -1 92 -1 82 -1 84 -1 66 -1 32 -1 -2
103 -1 87 -1 95 -1 155 -1 59 -1 61 -1 63 -1 157 -1 113 -1 133 -1 135 -1 137 -1 104 -1 96 -1 91 -1 156 -1 158 -1 81 -1 65 -1 117 -1 118 -1 105 -1 106 -1 103 -1 66 -1 71 -1 23 -1 104 -1 139 -1 72 -1 27 -1 134 -1 136 -1 138 -1 140 -1 88 -1 28 -1 1 -1 114 -1 25 -1 26 -1 2 -1 92 -1 82 -1 60 -1 62 -1 64 -1 24 -1 -2
87 -1 123 -1 15 -1 69 -1 19 -1 47 -1 25 -1 26 -1 48 -1 133 -1 135 -1 137 -1 113 -1 45 -1 31 -1 124 -1 3 -1 17 -1 46 -1 41 -1 32 -1 71 -1 67 -1 75 -1 18 -1 83 -1 55 -1 134 -1 136 -1 138 -1 139 -1 56 -1 114 -1 17 -1 68 -1 72 -1 76 -1 88 -1 4 -1 140 -1 16 -1 70 -1 84 -1 18 -1 20 -1 42 -1 -2
117 -1 1 -1 125 -1 35 -1 89 -1 59 -1 61 -1 63 -1 49 -1 36 -1 51 -1 45 -1 113 -1 52 -1 107 -1 109 -1 111 -1 35 -1 46 -1 90 -1 2 -1 53 -1 37 -1 60 -1 62 -1 64 -1 15 -1 19 -1 69 -1 141 -1 50 -1 41 -1 54 -1 36 -1 89 -1 118 -1 51 -1 105 -1 142 -1 38 -1 42 -1 49 -1 126 -1 3 -1 90 -1 53 -1 151 -1 50 -1 37 -1 41 -1 108 -1 110 -1 112 -1 114 -1 38 -1 42 -1 106 -1 4 -1 52 -1 54 -1 152 -1 16 -1 70 -1 20 -1 -2
117 -1 123 -1 7 -1 129 -1 59 -1 61 -1 63 -1 23 -1 47 -1 67 -1 113 -1 133 -1 135 -1 137 -1 124 -1 118 -1 105 -1 65 -1 139 -1 68 -1 31 -1 136 -1 138 -1 134 -1 145 -1 147 -1 140 -1 114 -1 66 -1 60 -1 64 -1 32 -1 79 -1 106 -1 8 -1 130 -1 146 -1 148 -1 62 -1 24 -1 48 -1 80 -1 -2
103 -1 53 -1 151 -1 69 -1 43 -1 37 -1 39 -1 41 -1 71 -1 73 -1 75 -1 152 -1 133 -1 135 -1 137 -1 113 -1 44 -1 17 -1 91 -1 83 -1 81 -1 104 -1 117 -1 1 -1 118 -1 54 -1 7 -1 70 -1 84 -1 2 -1 61 -1 117 -1 18 -1 38 -1 42 -1 40 -1 49 -1 21 -1 118 -1 8 -1 134 -1 138 -1 136 -1 114 -1 22 -1 45 -1 92 -1 82 -1 62 -1 46 -1 50 -1 72 -1 74 -1 76 -1 -2
95 -1 155 -1 37 -1 41 -1 27 -1 57 -1 113 -1 133 -1 135 -1 137 -1 96 -1 91 -1 156 -1 65 -1 81 -1 43 -1 58 -1 66 -1 73 -1 7 -1 44 -1 139 -1 83 -1 17 -1 134 -1 136 -1 138 -1 114 -1 28 -1 8 -1 92 -1 82 -1 140 -1 84 -1 18 -1 38 -1 42 -1 74 -1 -2
89 -1 115 -1 159 -1 97 -1 55 -1 49 -1 57 -1 47 -1 90 -1 7 -1 45 -1 113 -1 133 -1 135 -1 137 -1 46 -1 103 -1 45 -1 141 -1 98 -1 83 -1 58 -1 104 -1 46 -1 48 -1 50 -1 105 -1 25 -1 26 -1 160 -1 139 -1 134 -1 136 -1 138 -1 106 -1 114 -1 103 -1 104 -1 142 -1 8 -1 116 -1 140 -1 84 -1 56 -1 -2
105 -1 87 -1 123 -1 51 -1 89 -1 9 -1 17 -1 52 -1 90 -1 35 -1 133 -1 135 -1 137 -1 113 -1 106 -1 103 -1 36 -1 51 -1 104 -1 88 -1 105 -1 1 -1 2 -1 141 -1 134 -1 136 -1 138 -1 114 -1 106 -1 142 -1 124 -1 52 -1 10 -1 18 -1 -2
103 -1 87 -1 125 -1 5 -1 13 -1 59 -1 61 -1 55 -1 63 -1 79 -1 113 -1 133 -1 135 -1 137 -1 104 -1 80 -1 117 -1 126 -1 123 -1 118 -1 124 -1 125 -1 105 -1 6 -1 106 -1 88 -1 35 -1 103 -1 1 -1 36 -1 51 -1 126 -1 104 -1 3 -1 2 -1 141 -1 52 -1 134 -1 136 -1 138 -1 114 -1 142 -1 4 -1 14 -1 60 -1 62 -1 56 -1 64 -1 -2
1 -1 125 -1 7 -1 151 -1 115 -1 15 -1 69 -1 17 -1 19 -1 45 -1 152 -1 113 -1 133 -1 135 -1 137 -1 2 -1 46 -1 87 -1 8 -1 53 -1 21 -1 47 -1 23 -1 54 -1 70 -1 16 -1 18 -1 20 -1 59 -1 61 -1 63 -1 88 -1 141 -1 139 -1 60 -1 64 -1 126 -1 134 -1 15 -1 19 -1 136 -1 138 -1 31 -1 142 -1 65 -1 1 -1 140 -1 16 -1 20 -1 114 -1 59 -1 63 -1 66 -1 2 -1 60 -1 64 -1 116 -1 62 -1 22 -1 24 -1 48 -1 32 -1 -2
1 -1 143 -1 9 -1 69 -1 67 -1 53 -1 2 -1 87 -1 133 -1 135 -1 137 -1 113 -1 54 -1 144 -1 7 -1 131 -1 88 -1 1 -1 132 -1 143 -1 121 -1 2 -1 141 -1 68 -1 139 -1 83 -1 134 -1 136 -1 138 -1 114 -1 140 -1 122 -1 142 -1 8 -1 144 -1 10 -1 70 -1 84 -1 -2
105 -1 87 -1 89 -1 115 -1 59 -1 61 -1 63 -1 25 -1 26 -1 71 -1 75 -1 113 -1 107 -1 109 -1 111 -1 72 -1 76 -1 27 -1 33 -1 90 -1 88 -1 1 -1 106 -1 108 -1 112 -1 110 -1 114 -1 151 -1 152 -1 2 -1 116 -1 60 -1 62 -1 64 -1 28 -1 34 -1 -2
119 -1 87 -1 13 -1 15 -1 69 -1 17 -1 19 -1 113 -1 133 -1 135 -1 137 -1 18 -1 121 -1 16 -1 70 -1 20 -1 59 -1 61 -1 63 -1 3 -1 4 -1 122 -1 125 -1 88 -1 134 -1 138 -1 136 -1 114 -1 120 -1 126 -1 14 -1 60 -1 62 -1 64 -1 -2
123 -1 15 -1 101 -1 19 -1 113 -1 133 -1 137 -1 135 -1 16 -1 102 -1 20 -1 59 -1 61 -1 63 -1 1 -1 134 -1 136 -1 138 -1 114 -1 2 -1 124 -1 60 -1 62 -1 64 -1 -2
103 -1 141 -1 125 -1 143 -1 104 -1 113 -1 107 -1 111 -1 109 -1 151 -1 142 -1 87 -1 88 -1 144 -1 141 -1 51 -1 47 -1 52 -1 49 -1 142 -1 35 -1 45 -1 1 -1 152 -1 48 -1 46 -1 77 -1 50 -1 108 -1 110 -1 112 -1 114 -1 78 -1 45 -1 47 -1 49 -1 46 -1 48 -1 50 -1 2 -1 126 -1 36 -1 -2
87 -1 123 -1 5 -1 53 -1 13 -1 133 -1 137 -1 113 -1 135 -1 124 -1 125 -1 6 -1 54 -1 51 -1 126 -1 123 -1 83 -1 88 -1 1 -1 124 -1 3 -1 4 -1 123 -1 134 -1 136 -1 138 -1 114 -1 2 -1 124 -1 52 -1 14 -1 84 -1 -2
149 -1 87 -1 125 -1 5 -1 9 -1 31 -1 113 -1 133 -1 135 -1 137 -1 32 -1 79 -1 126 -1 123 -1 6 -1 45 -1 49 -1 46 -1 50 -1 91 -1 65 -1 81 -1 80 -1 88 -1 1 -1 136 -1 138 -1 134 -1 114 -1 150 -1 2 -1 124 -1 10 -1 92 -1 82 -1 66 -1 -2
103 -1 87 -1 125 -1 143 -1 13 -1 113 -1 133 -1 135 -1 137 -1 126 -1 123 -1 79 -1 104 -1 117 -1 118 -1 103 -1 35 -1 36 -1 51 -1 144 -1 80 -1 67 -1 134 -1 136 -1 138 -1 114 -1 104 -1 88 -1 124 -1 52 -1 14 -1 68 -1 -2
105 -1 1 -1 125 -1 5 -1 115 -1 29 -1 31 -1 151 -1 113 -1 2 -1 133 -1 137 -1 87 -1 152 -1 135 -1 6 -1 30 -1 106 -1 35 -1 73 -1 103 -1 89 -1 32 -1 71 -1 75 -1 36 -1 126 -1 5 -1 3 -1 134 -1 136 -1 138 -1 114 -1 88 -1 141 -1 142 -1 104 -1 4 -1 6 -1 90 -1 116 -1 72 -1 74 -1 76 -1 -2
149 -1 125 -1 51 -1 17 -1 65 -1 133 -1 135 -1 137 -1 113 -1 91 -1 81 -1 83 -1 126 -1 123 -1 134 -1 136 -1 138 -1 114 -1 150 -1 124 -1 52 -1 92 -1 82 -1 84 -1 18 -1 66 -1 -2
119 -1 125 -1 35 -1 59 -1 61 -1 63 -1 151 -1 113 -1 152 -1 107 -1 109 -1 111 -1 45 -1 49 -1 129 -1 46 -1 50 -1 130 -1 127 -1 128 -1 129 -1 103 -1 1 -1 130 -1 127 -1 108 -1 110 -1 112 -1 114 -1 120 -1 104 -1 2 -1 126 -1 36 -1 128 -1 60 -1 62 -1 64 -1 -2
153 -1 105 -1 123 -1 51 -1 89 -1 129 -1 115 -1 15 -1 69 -1 19 -1 52 -1 90 -1 35 -1 53 -1 135 -1 137 -1 113 -1 133 -1 36 -1 54 -1 51 -1 89 -1 16 -1 70 -1 20 -1 106 -1 121 -1 124 -1 52 -1 134 -1 136 -1 138 -1 114 -1 154 -1 122 -1 90 -1 130 -1 116 -1 -2
119 -1 53 -1 151 -1 9 -1 113 -1 152 -1 107 -1 109 -1 111 -1 129 -1 130 -1 151 -1 152 -1 21 -1 49 -1 108 -1 110 -1 112 -1 114 -1 22 -1 50 -1 145 -1 120 -1 54 -1 146 -1 10 -1 -2
1 -1 89 -1 115 -1 90 -1 53 -1 113 -1 107 -1 109 -1 111 -1 125 -1 2 -1 87 -1 88 -1 126 -1 1 -1 123 -1 51 -1 108 -1 110 -1 112 -1 114 -1 54 -1 89 -1 2 -1 124 -1 52 -1 90 -1 116 -1 -2
87 -1 3 -1 5 -1 7 -1 143 -1 79 -1 49 -1 45 -1 113 -1 133 -1 135 -1 137 -1 80 -1 31 -1 47 -1 46 -1 21 -1 93 -1 121 -1 94 -1 23 -1 139 -1 134 -1 136 -1 138 -1 88 -1 1 -1 114 -1 122 -1 2 -1 4 -1 6 -1 8 -1 144 -1 140 -1 22 -1 24 -1 48 -1 50 -1 32 -1 -2
87 -1 123 -1 159 -1 37 -1 77 -1 41 -1 38 -1 42 -1 37 -1 41 -1 113 -1 133 -1 135 -1 137 -1 38 -1 42 -1 78 -1 49 -1 160 -1 47 -1 139 -1 48 -1 50 -1 37 -1 41 -1 88 -1 1 -1 38 -1 42 -1 37 -1 41 -1 134 -1 138 -1 136 -1 114 -1 38 -1 42 -1 140 -1 151 -1 152 -1 2 -1 124 -1 -2
87 -1 3 -1 135 -1 137 -1 113 -1 117 -1 133 -1 139 -1 134 -1 136 -1 138 -1 118 -1 114 -1 103 -1 140 -1 47 -1 49 -1 48 -1 50 -1 104 -1 88 -1 4 -1 -2
149 -1 105 -1 1 -1 123 -1 89 -1 131 -1 79 -1 49 -1 21 -1 22 -1 50 -1 113 -1 49 -1 150 -1 2 -1 133 -1 135 -1 137 -1 153 -1 87 -1 80 -1 106 -1 88 -1 121 -1 1 -1 91 -1 132 -1 81 -1 50 -1 65 -1 122 -1 105 -1 124 -1 134 -1 136 -1 138 -1 154 -1 114 -1 149 -1 150 -1 106 -1 2 -1 90 -1 92 -1 82 -1 66 -1 -2
119 -1 117 -1 35 -1 53 -1 13 -1 15 -1 69 -1 19 -1 71 -1 73 -1 75 -1 113 -1 133 -1 135 -1 137 -1 83 -1 118 -1 16 -1 70 -1 84 -1 20 -1 121 -1 3 -1 134 -1 136 -1 138 -1 114 -1 120 -1 122 -1 4 -1 36 -1 54 -1 14 -1 72 -1 74 -1 76 -1 -2
149 -1 105 -1 125 -1 5 -1 89 -1 9 -1 27 -1 57 -1 79 -1 33 -1 113 -1 133 -1 135 -1 137 -1 90 -1 65 -1 126 -1 53 -1 91 -1 80 -1 123 -1 31 -1 81 -1 66 -1 124 -1 3 -1 58 -1 29 -1 54 -1 7 -1 30 -1 28 -1 73 -1 21 -1 23 -1 49 -1 139 -1 74 -1 27 -1 57 -1 134 -1 136 -1 138 -1 140 -1 114 -1 58 -1 28 -1 27 -1 150 -1 106 -1 4 -1 6 -1 8 -1 10 -1 92 -1 82 -1 22 -1 24 -1 50 -1 28 -1 32 -1 34 -1 -2
119 -1 121 -1 35 -1 53 -1 13 -1 37 -1 41 -1 71 -1 67 -1 75 -1 38 -1 42 -1 49 -1 113 -1 107 -1 109 -1 111 -1 50 -1 21 -1 49 -1 22 -1 122 -1 50 -1 36 -1 72 -1 68 -1 76 -1 51 -1 15 -1 69 -1 19 -1 37 -1 41 -1 27 -1 57 -1 38 -1 42 -1 21 -1 49 -1 22 -1 52 -1 35 -1 21 -1 36 -1 51 -1 22 -1 50 -1 108 -1 110 -1 112 -1 114 -1 120 -1 52 -1 54 -1 14 -1 16 -1 70 -1 20 -1 28 -1 58 -1 -2
89 -1 133 -1 113 -1 135 -1 137 -1 90 -1 53 -1 87 -1 54 -1 88 -1 136 -1 138 -1 1 -1 134 -1 114 -1 2 -1 -2
121 -1 123 -1 113 -1 107 -1 109 -1 111 -1 51 -1 122 -1 17 -1 143 -1 110 -1 108 -1 112 -1 114 -1 124 -1 52 -1 144 -1 18 -1 -2
119 -1 35 -1 53 -1 9 -1 151 -1 152 -1 113 -1 133 -1 135 -1 137 -1 83 -1 91 -1 117 -1 81 -1 84 -1 59 -1 97 -1 63 -1 118 -1 141 -1 121 -1 36 -1 5 -1 142 -1 134 -1 136 -1 138 -1 114 -1 60 -1 98 -1 64 -1 15 -1 83 -1 19 -1 120 -1 122 -1 6 -1 54 -1 10 -1 92 -1 82 -1 16 -1 84 -1 20 -1 -2
153 -1 35 -1 89 -1 115 -1 113 -1 107 -1 109 -1 111 -1 90 -1 53 -1 108 -1 110 -1 112 -1 114 -1 154 -1 36 -1 54 -1 116 -1 -2
149 -1 89 -1 27 -1 57 -1 90 -1 53 -1 113 -1 133 -1 135 -1 137 -1 54 -1 21 -1 49 -1 23 -1 47 -1 3 -1 91 -1 81 -1 65 -1 4 -1 123 -1 66 -1 124 -1 139 -1 31 -1 134 -1 136 -1 138 -1 140 -1 114 -1 150 -1 92 -1 82 -1 22 -1 24 -1 48 -1 50 -1 28 -1 58 -1 32 -1 -2
143 -1 15 -1 69 -1 43 -1 19 -1 73 -1 67 -1 1 -1 71 -1 75 -1 2 -1 87 -1 113 -1 133 -1 135 -1 137 -1 44 -1 72 -1 76 -1 55 -1 71 -1 75 -1 121 -1 68 -1 56 -1 31 -1 17 -1 83 -1 32 -1 136 -1 139 -1 134 -1 138 -1 114 -1 88 -1 1 -1 122 -1 2 -1 144 -1 140 -1 16 -1 70 -1 84 -1 18 -1 20 -1 72 -1 74 -1 76 -1 -2
105 -1 87 -1 125 -1 13 -1 159 -1 59 -1 61 -1 55 -1 63 -1 27 -1 57 -1 33 -1 133 -1 137 -1 113 -1 135 -1 160 -1 139 -1 140 -1 51 -1 49 -1 88 -1 126 -1 65 -1 1 -1 123 -1 50 -1 37 -1 41 -1 58 -1 28 -1 66 -1 34 -1 2 -1 141 -1 124 -1 3 -1 42 -1 151 -1 49 -1 134 -1 136 -1 138 -1 114 -1 38 -1 50 -1 152 -1 106 -1 142 -1 4 -1 52 -1 14 -1 60 -1 62 -1 56 -1 64 -1 -2
103 -1 87 -1 125 -1 5 -1 115 -1 15 -1 69 -1 17 -1 19 -1 113 -1 133 -1 135 -1 137 -1 18 -1 55 -1 6 -1 51 -1 126 -1 3 -1 88 -1 1 -1 104 -1 56 -1 52 -1 134 -1 136 -1 138 -1 114 -1 2 -1 4 -1 116 -1 16 -1 70 -1 20 -1 -2
123 -1 133 -1 113 -1 135 -1 137 -1 149 -1 150 -1 153 -1 124 -1 125 -1 139 -1 117 -1 45 -1 49 -1 35 -1 126 -1 123 -1 118 -1 46 -1 103 -1 21 -1 36 -1 5 -1 22 -1 140 -1 6 -1 51 -1 134 -1 136 -1 138 -1 114 -1 47 -1 48 -1 50 -1 154 -1 104 -1 124 -1 52 -1 -2
119 -1 105 -1 3 -1 5 -1 7 -1 113 -1 133 -1 135 -1 137 -1 106 -1 121 -1 47 -1 21 -1 49 -1 4 -1 23 -1 48 -1 141 -1 134 -1 136 -1 138 -1 85 -1 3 -1 114 -1 120 -1 122 -1 142 -1 4 -1 6 -1 8 -1 22 -1 24 -1 86 -1 50 -1 -2
87 -1 51 -1 53 -1 9 -1 15 -1 69 -1 17 -1 19 -1 71 -1 73 -1 75 -1 105 -1 106 -1 113 -1 117 -1 52 -1 133 -1 135 -1 137 -1 35 -1 118 -1 103 -1 36 -1 88 -1 1 -1 104 -1 54 -1 2 -1 141 -1 134 -1 136 -1 138 -1 114 -1 142 -1 10 -1 16 -1 70 -1 18 -1 20 -1 72 -1 74 -1 76 -1 -2
143 -1 59 -1 61 -1 55 -1 63 -1 27 -1 57 -1 33 -1 113 -1 107 -1 109 -1 111 -1 108 -1 110 -1 112 -1 114 -1 144 -1 60 -1 62 -1 56 -1 64 -1 28 -1 58 -1 34 -1 -2
125 -1 5 -1 53 -1 15 -1 69 -1 43 -1 19 -1 133 -1 135 -1 137 -1 113 -1 54 -1 126 -1 3 -1 44 -1 134 -1 136 -1 138 -1 114 -1 4 -1 6 -1 16 -1 70 -1 20 -1 -2
121 -1 35 -1 59 -1 61 -1 63 -1 87 -1 113 -1 107 -1 109 -1 111 -1 53 -1 60 -1 62 -1 64 -1 15 -1 69 -1 19 -1 131 -1 122 -1 132 -1 36 -1 54 -1 143 -1 51 -1 89 -1 88 -1 1 -1 108 -1 110 -1 112 -1 114 -1 2 -1 52 -1 90 -1 144 -1 16 -1 70 -1 20 -1 -2
119 -1 87 -1 35 -1 161 -1 13 -1 113 -1 133 -1 135 -1 137 -1 121 -1 88 -1 1 -1 36 -1 122 -1 3 -1 5 -1 162 -1 105 -1 143 -1 144 -1 106 -1 121 -1 2 -1 141 -1 134 -1 136 -1 138 -1 114 -1 120 -1 122 -1 142 -1 4 -1 6 -1 14 -1 -2
105 -1 125 -1 51 -1 151 -1 9 -1 31 -1 152 -1 113 -1 133 -1 135 -1 137 -1 106 -1 117 -1 91 -1 118 -1 103 -1 65 -1 81 -1 104 -1 105 -1 66 -1 134 -1 136 -1 138 -1 114 -1 106 -1 126 -1 52 -1 10 -1 92 -1 82 -1 32 -1 -2
103 -1 123 -1 5 -1 13 -1 15 -1 69 -1 19 -1 71 -1 73 -1 67 -1 75 -1 104 -1 113 -1 117 -1 133 -1 137 -1 53 -1 135 -1 118 -1 103 -1 6 -1 104 -1 124 -1 125 -1 141 -1 126 -1 123 -1 70 -1 16 -1 20 -1 59 -1 61 -1 63 -1 124 -1 3 -1 134 -1 136 -1 138 -1 114 -1 142 -1 4 -1 54 -1 14 -1 60 -1 62 -1 64 -1 72 -1 74 -1 68 -1 76 -1 -2
87 -1 125 -1 89 -1 151 -1 15 -1 69 -1 19 -1 79 -1 88 -1 1 -1 152 -1 113 -1 129 -1 133 -1 135 -1 137 -1 2 -1 87 -1 80 -1 31 -1 130 -1 151 -1 91 -1 65 -1 90 -1 81 -1 103 -1 104 -1 117 -1 126 -1 32 -1 3 -1 88 -1 141 -1 4 -1 125 -1 152 -1 129 -1 134 -1 136 -1 138 -1 114 -1 70 -1 118 -1 142 -1 126 -1 130 -1 92 -1 82 -1 16 -1 20 -1 66 -1 -2
153 -1 103 -1 87 -1 151 -1 95 -1 155 -1 59 -1 63 -1 47 -1 49 -1 157 -1 48 -1 50 -1 37 -1 77 -1 41 -1 152 -1 133 -1 135 -1 137 -1 113 -1 88 -1 7 -1 38 -1 78 -1 42 -1 1 -1 47 -1 49 -1 21 -1 96 -1 91 -1 23 -1 156 -1 81 -1 158 -1 65 -1 66 -1 154 -1 139 -1 104 -1 31 -1 134 -1 136 -1 138 -1 114 -1 140 -1 60 -1 64 -1 48 -1 2 -1 8 -1 92 -1 82 -1 22 -1 24 -1 50 -1 32 -1 -2
87 -1 95 -1 155 -1 37 -1 41 -1 71 -1 73 -1 67 -1 75 -1 53 -1 113 -1 133 -1 135 -1 137 -1 96 -1 91 -1 54 -1 7 -1 156 -1 81 -1 123 -1 76 -1 124 -1 134 -1 17 -1 3 -1 136 -1 138 -1 72 -1 68 -1 114 -1 25 -1 88 -1 4 -1 8 -1 92 -1 82 -1 18 -1 38 -1 42 -1 26 -1 74 -1 -2
153 -1 117 -1 1 -1 125 -1 51 -1 53 -1 143 -1 115 -1 55 -1 21 -1 47 -1 49 -1 27 -1 29 -1 23 -1 113 -1 133 -1 135 -1 137 -1 24 -1 2 -1 118 -1 87 -1 105 -1 144 -1 59 -1 61 -1 63 -1 30 -1 52 -1 73 -1 35 -1 143 -1 106 -1 103 -1 28 -1 71 -1 75 -1 88 -1 1 -1 104 -1 144 -1 103 -1 134 -1 136 -1 138 -1 114 -1 22 -1 48 -1 50 -1 72 -1 76 -1 154 -1 104 -1 2 -1 126 -1 36 -1 54 -1 116 -1 60 -1 62 -1 56 -1 64 -1 74 -1 -2
119 -1 105 -1 87 -1 7 -1 13 -1 15 -1 69 -1 17 -1 19 -1 113 -1 133 -1 135 -1 137 -1 8 -1 53 -1 88 -1 1 -1 106 -1 121 -1 54 -1 16 -1 70 -1 18 -1 20 -1 59 -1 61 -1 55 -1 63 -1 47 -1 2 -1 141 -1 49 -1 21 -1 23 -1 85 -1 122 -1 48 -1 139 -1 136 -1 138 -1 134 -1 140 -1 103 -1 142 -1 114 -1 1 -1 120 -1 104 -1 2 -1 14 -1 60 -1 62 -1 56 -1 64 -1 22 -1 24 -1 86 -1 50 -1 -2
105 -1 87 -1 9 -1 15 -1 69 -1 17 -1 19 -1 37 -1 39 -1 163 -1 41 -1 31 -1 113 -1 133 -1 135 -1 137 -1 91 -1 38 -1 42 -1 88 -1 21 -1 49 -1 1 -1 92 -1 81 -1 40 -1 23 -1 18 -1 65 -1 43 -1 47 -1 44 -1 134 -1 136 -1 138 -1 164 -1 48 -1 85 -1 114 -1 24 -1 106 -1 2 -1 10 -1 82 -1 16 -1 70 -1 20 -1 22 -1 86 -1 50 -1 66 -1 32 -1 -2
103 -1 87 -1 89 -1 59 -1 61 -1 63 -1 37 -1 41 -1 71 -1 73 -1 75 -1 113 -1 88 -1 107 -1 109 -1 111 -1 141 -1 104 -1 90 -1 127 -1 35 -1 103 -1 125 -1 128 -1 60 -1 64 -1 62 -1 142 -1 87 -1 108 -1 110 -1 112 -1 114 -1 38 -1 42 -1 104 -1 88 -1 126 -1 36 -1 72 -1 74 -1 76 -1 -2
117 -1 141 -1 47 -1 27 -1 33 -1 29 -1 93 -1 94 -1 113 -1 133 -1 135 -1 137 -1 30 -1 48 -1 77 -1 29 -1 45 -1 78 -1 30 -1 46 -1 28 -1 27 -1 118 -1 121 -1 142 -1 87 -1 83 -1 28 -1 34 -1 71 -1 75 -1 88 -1 134 -1 136 -1 138 -1 139 -1 141 -1 114 -1 72 -1 76 -1 122 -1 142 -1 140 -1 84 -1 -2
105 -1 1 -1 159 -1 97 -1 17 -1 47 -1 45 -1 49 -1 46 -1 113 -1 18 -1 133 -1 135 -1 137 -1 27 -1 48 -1 50 -1 55 -1 28 -1 71 -1 67 -1 75 -1 106 -1 117 -1 2 -1 87 -1 98 -1 83 -1 72 -1 68 -1 76 -1 25 -1 31 -1 33 -1 160 -1 134 -1 136 -1 138 -1 139 -1 56 -1 118 -1 105 -1 114 -1 106 -1 26 -1 32 -1 34 -1 117 -1 88 -1 1 -1 118 -1 2 -1 140 -1 84 -1 -2
119 -1 105 -1 87 -1 125 -1 51 -1 53 -1 13 -1 21 -1 113 -1 52 -1 133 -1 135 -1 137 -1 35 -1 22 -1 36 -1 51 -1 21 -1 22 -1 21 -1 52 -1 106 -1 121 -1 136 -1 134 -1 138 -1 114 -1 22 -1 120 -1 122 -1 88 -1 126 -1 54 -1 14 -1 -2
105 -1 1 -1 123 -1 89 -1 59 -1 61 -1 55 -1 63 -1 21 -1 31 -1 124 -1 22 -1 123 -1 113 -1 107 -1 109 -1 111 -1 124 -1 125 -1 60 -1 62 -1 56 -1 64 -1 45 -1 90 -1 17 -1 53 -1 69 -1 51 -1 54 -1 127 -1 46 -1 89 -1 37 -1 41 -1 52 -1 35 -1 90 -1 38 -1 42 -1 53 -1 70 -1 45 -1 49 -1 101 -1 46 -1 50 -1 37 -1 41 -1 54 -1 89 -1 108 -1 110 -1 112 -1 114 -1 38 -1 42 -1 36 -1 51 -1 52 -1 35 -1 36 -1 106 -1 2 -1 126 -1 90 -1 128 -1 102 -1 18 -1 32 -1 -2
117 -1 141 -1 123 -1 5 -1 53 -1 129 -1 69 -1 47 -1 67 -1 93 -1 94 -1 135 -1 113 -1 133 -1 137 -1 68 -1 31 -1 124 -1 142 -1 3 -1 118 -1 48 -1 121 -1 71 -1 54 -1 7 -1 32 -1 83 -1 139 -1 72 -1 122 -1 134 -1 136 -1 138 -1 140 -1 114 -1 4 -1 6 -1 8 -1 130 -1 70 -1 84 -1 -2
125 -1 51 -1 53 -1 151 -1 59 -1 61 -1 63 -1 152 -1 107 -1 111 -1 113 -1 109 -1 52 -1 35 -1 108 -1 110 -1 112 -1 114 -1 36 -1 51 -1 145 -1 1 -1 2 -1 126 -1 52 -1 54 -1 146 -1 60 -1 62 -1 64 -1 -2
87 -1 7 -1 165 -1 15 -1 69 -1 17 -1 19 -1 27 -1 57 -1 33 -1 113 -1 8 -1 133 -1 135 -1 137 -1 53 -1 121 -1 54 -1 16 -1 70 -1 18 -1 20 -1 88 -1 59 -1 61 -1 63 -1 1 -1 45 -1 47 -1 49 -1 46 -1 21 -1 93 -1 2 -1 141 -1 48 -1 94 -1 122 -1 139 -1 23 -1 85 -1 103 -1 131 -1 134 -1 136 -1 138 -1 166 -1 145 -1 147 -1 140 -1 79 -1 114 -1 86 -1 80 -1 104 -1 142 -1 132 -1 146 -1 148 -1 60 -1 62 -1 64 -1 22 -1 24 -1 50 -1 28 -1 58 -1 34 -1 -2
121 -1 1 -1 71 -1 75 -1 113 -1 133 -1 135 -1 137 -1 2 -1 53 -1 87 -1 122 -1 88 -1 103 -1 141 -1 83 -1 134 -1 136 -1 138 -1 114 -1 139 -1 72 -1 76 -1 25 -1 33 -1 35 -1 26 -1 34 -1 104 -1 142 -1 36 -1 54 -1 140 -1 84 -1 -2
149 -1 105 -1 87 -1 5 -1 7 -1 9 -1 159 -1 17 -1 133 -1 113 -1 106 -1 135 -1 137 -1 103 -1 18 -1 91 -1 88 -1 81 -1 1 -1 8 -1 53 -1 54 -1 7 -1 160 -1 104 -1 139 -1 134 -1 136 -1 138 -1 114 -1 103 -1 150 -1 104 -1 2 -1 6 -1 8 -1 10 -1 92 -1 82 -1 140 -1 -2
153 -1 105 -1 115 -1 59 -1 61 -1 63 -1 113 -1 107 -1 109 -1 111 -1 106 -1 103 -1 108 -1 110 -1 112 -1 114 -1 154 -1 104 -1 116 -1 60 -1 62 -1 64 -1 -2
119 -1 105 -1 15 -1 69 -1 19 -1 113 -1 133 -1 135 -1 137 -1 151 -1 106 -1 103 -1 16 -1 70 -1 20 -1 59 -1 61 -1 63 -1 104 -1 105 -1 152 -1 129 -1 134 -1 136 -1 138 -1 106 -1 114 -1 117 -1 130 -1 151 -1 120 -1 118 -1 152 -1 60 -1 62 -1 64 -1 -2
149 -1 3 -1 5 -1 47 -1 48 -1 133 -1 135 -1 137 -1 113 -1 65 -1 91 -1 4 -1 31 -1 43 -1 81 -1 123 -1 7 -1 32 -1 124 -1 44 -1 3 -1 55 -1 8 -1 53 -1 67 -1 54 -1 68 -1 7 -1 79 -1 134 -1 136 -1 138 -1 114 -1 150 -1 4 -1 6 -1 8 -1 92 -1 82 -1 56 -1 66 -1 80 -1 -2
123 -1 51 -1 89 -1 143 -1 133 -1 135 -1 137 -1 113 -1 144 -1 52 -1 131 -1 35 -1 132 -1 121 -1 90 -1 124 -1 53 -1 125 -1 54 -1 89 -1 36 -1 136 -1 51 -1 134 -1 138 -1 114 -1 122 -1 126 -1 52 -1 90 -1 -2
105 -1 3 -1 7 -1 101 -1 113 -1 133 -1 135 -1 137 -1 4 -1 125 -1 141 -1 126 -1 123 -1 8 -1 127 -1 149 -1 57 -1 128 -1 134 -1 136 -1 138 -1 114 -1 102 -1 150 -1 106 -1 142 -1 124 -1 58 -1 -2
153 -1 121 -1 125 -1 71 -1 73 -1 75 -1 107 -1 109 -1 111 -1 113 -1 53 -1 122 -1 105 -1 131 -1 54 -1 126 -1 51 -1 123 -1 132 -1 108 -1 110 -1 112 -1 114 -1 154 -1 106 -1 124 -1 52 -1 72 -1 74 -1 76 -1 -2
119 -1 121 -1 9 -1 57 -1 113 -1 131 -1 133 -1 135 -1 137 -1 132 -1 122 -1 117 -1 118 -1 127 -1 128 -1 134 -1 136 -1 138 -1 114 -1 120 -1 10 -1 58 -1 -2
1 -1 53 -1 73 -1 113 -1 133 -1 135 -1 137 -1 2 -1 87 -1 103 -1 3 -1 5 -1 54 -1 71 -1 75 -1 89 -1 90 -1 134 -1 136 -1 138 -1 114 -1 72 -1 76 -1 104 -1 88 -1 4 -1 6 -1 74 -1 -2
105 -1 1 -1 35 -1 43 -1 31 -1 125 -1 57 -1 113 -1 133 -1 135 -1 137 -1 89 -1 47 -1 49 -1 44 -1 55 -1 45 -1 36 -1 90 -1 56 -1 53 -1 46 -1 48 -1 17 -1 50 -1 106 -1 54 -1 58 -1 2 -1 29 -1 87 -1 134 -1 136 -1 138 -1 114 -1 30 -1 88 -1 1 -1 2 -1 126 -1 18 -1 32 -1 -2
141 -1 3 -1 55 -1 67 -1 113 -1 107 -1 109 -1 111 -1 35 -1 36 -1 25 -1 51 -1 26 -1 71 -1 72 -1 127 -1 68 -1 4 -1 31 -1 123 -1 103 -1 142 -1 53 -1 108 -1 110 -1 112 -1 114 -1 27 -1 28 -1 104 -1 124 -1 52 -1 54 -1 128 -1 56 -1 32 -1 -2
105 -1 125 -1 5 -1 89 -1 17 -1 71 -1 67 -1 75 -1 113 -1 133 -1 135 -1 137 -1 72 -1 68 -1 76 -1 31 -1 33 -1 18 -1 43 -1 90 -1 53 -1 6 -1 25 -1 54 -1 26 -1 32 -1 34 -1 134 -1 136 -1 138 -1 114 -1 44 -1 106 -1 126 -1 -2
121 -1 123 -1 59 -1 61 -1 63 -1 53 -1 113 -1 133 -1 135 -1 137 -1 122 -1 51 -1 54 -1 143 -1 89 -1 134 -1 136 -1 138 -1 114 -1 124 -1 52 -1 90 -1 144 -1 60 -1 62 -1 64 -1 -2
35 -1 13 -1 15 -1 69 -1 19 -1 113 -1 107 -1 109 -1 111 -1 57 -1 65 -1 21 -1 49 -1 66 -1 103 -1 151 -1 22 -1 50 -1 37 -1 41 -1 108 -1 110 -1 112 -1 114 -1 152 -1 38 -1 42 -1 104 -1 36 -1 14 -1 16 -1 70 -1 20 -1 58 -1 -2
105 -1 141 -1 51 -1 115 -1 59 -1 61 -1 63 -1 47 -1 73 -1 23 -1 113 -1 107 -1 109 -1 111 -1 52 -1 106 -1 35 -1 60 -1 62 -1 64 -1 117 -1 15 -1 74 -1 29 -1 3 -1 36 -1 51 -1 4 -1 127 -1 118 -1 105 -1 24 -1 93 -1 106 -1 117 -1 142 -1 108 -1 110 -1 112 -1 94 -1 87 -1 114 -1 39 -1 88 -1 141 -1 40 -1 93 -1 142 -1 118 -1 52 -1 128 -1 116 -1 16 -1 94 -1 48 -1 30 -1 -2
119 -1 103 -1 151 -1 143 -1 9 -1 99 -1 57 -1 45 -1 144 -1 46 -1 113 -1 21 -1 107 -1 109 -1 111 -1 100 -1 69 -1 15 -1 104 -1 22 -1 123 -1 108 -1 110 -1 112 -1 114 -1 152 -1 129 -1 124 -1 125 -1 126 -1 130 -1 151 -1 120 -1 152 -1 10 -1 16 -1 70 -1 58 -1 -2
149 -1 89 -1 115 -1 59 -1 61 -1 63 -1 71 -1 73 -1 75 -1 90 -1 133 -1 113 -1 53 -1 135 -1 137 -1 54 -1 150 -1 89 -1 136 -1 138 -1 134 -1 114 -1 90 -1 116 -1 60 -1 62 -1 64 -1 72 -1 74 -1 76 -1 -2
53 -1 143 -1 9 -1 15 -1 69 -1 19 -1 27 -1 57 -1 33 -1 133 -1 113 -1 135 -1 137 -1 144 -1 121 -1 28 -1 58 -1 34 -1 54 -1 71 -1 75 -1 139 -1 83 -1 141 -1 17 -1 134 -1 136 -1 138 -1 114 -1 142 -1 122 -1 10 -1 140 -1 16 -1 70 -1 84 -1 18 -1 20 -1 72 -1 76 -1 -2
105 -1 115 -1 59 -1 61 -1 55 -1 63 -1 27 -1 31 -1 33 -1 49 -1 113 -1 123 -1 107 -1 109 -1 111 -1 50 -1 124 -1 125 -1 28 -1 32 -1 108 -1 110 -1 112 -1 34 -1 126 -1 114 -1 131 -1 106 -1 132 -1 116 -1 60 -1 62 -1 56 -1 64 -1 -2
149 -1 103 -1 87 -1 151 -1 9 -1 15 -1 69 -1 43 -1 19 -1 113 -1 44 -1 133 -1 137 -1 55 -1 135 -1 104 -1 152 -1 129 -1 103 -1 91 -1 81 -1 83 -1 104 -1 105 -1 106 -1 103 -1 88 -1 141 -1 70 -1 84 -1 61 -1 16 -1 104 -1 20 -1 93 -1 105 -1 134 -1 59 -1 63 -1 142 -1 136 -1 138 -1 114 -1 94 -1 23 -1 24 -1 150 -1 106 -1 130 -1 10 -1 92 -1 82 -1 60 -1 62 -1 56 -1 64 -1 -2
121 -1 151 -1 13 -1 15 -1 69 -1 17 -1 19 -1 152 -1 113 -1 133 -1 135 -1 137 -1 129 -1 21 -1 16 -1 70 -1 18 -1 20 -1 59 -1 61 -1 63 -1 22 -1 130 -1 151 -1 122 -1 105 -1 152 -1 129 -1 130 -1 151 -1 152 -1 106 -1 103 -1 134 -1 136 -1 138 -1 114 -1 104 -1 14 -1 60 -1 62 -1 64 -1 -2
105 -1 89 -1 9 -1 15 -1 69 -1 19 -1 113 -1 107 -1 109 -1 111 -1 106 -1 31 -1 57 -1 127 -1 105 -1 128 -1 106 -1 117 -1 90 -1 53 -1 108 -1 112 -1 110 -1 143 -1 114 -1 51 -1 118 -1 52 -1 54 -1 144 -1 10 -1 16 -1 70 -1 20 -1 58 -1 32 -1 -2
1 -1 35 -1 89 -1 59 -1 61 -1 63 -1 67 -1 113 -1 2 -1 133 -1 135 -1 137 -1 87 -1 36 -1 3 -1 90 -1 53 -1 71 -1 75 -1 88 -1 54 -1 47 -1 49 -1 134 -1 136 -1 138 -1 21 -1 23 -1 114 -1 24 -1 68 -1 76 -1 48 -1 4 -1 60 -1 62 -1 64 -1 22 -1 50 -1 72 -1 -2
27 -1 151 -1 152 -1 129 -1 113 -1 133 -1 135 -1 137 -1 53 -1 28 -1 71 -1 75 -1 51 -1 103 -1 54 -1 89 -1 52 -1 104 -1 35 -1 139 -1 134 -1 136 -1 138 -1 114 -1 36 -1 90 -1 130 -1 140 -1 72 -1 76 -1 -2
5 -1 53 -1 151 -1 159 -1 17 -1 27 -1 57 -1 33 -1 21 -1 23 -1 47 -1 49 -1 24 -1 23 -1 152 -1 113 -1 129 -1 133 -1 135 -1 137 -1 54 -1 130 -1 89 -1 151 -1 90 -1 7 -1 152 -1 18 -1 59 -1 63 -1 3 -1 64 -1 1 -1 19 -1 160 -1 48 -1 139 -1 60 -1 77 -1 134 -1 136 -1 138 -1 20 -1 31 -1 140 -1 15 -1 19 -1 114 -1 32 -1 16 -1 20 -1 78 -1 2 -1 4 -1 6 -1 8 -1 22 -1 24 -1 50 -1 28 -1 58 -1 34 -1 -2
117 -1 35 -1 89 -1 13 -1 71 -1 73 -1 67 -1 75 -1 113 -1 133 -1 135 -1 137 -1 118 -1 105 -1 106 -1 121 -1 136 -1 138 -1 134 -1 90 -1 114 -1 122 -1 36 -1 14 -1 72 -1 74 -1 68 -1 76 -1 -2
149 -1 117 -1 51 -1 151 -1 9 -1 15 -1 69 -1 19 -1 27 -1 57 -1 31 -1 33 -1 152 -1 133 -1 137 -1 113 -1 135 -1 118 -1 91 -1 65 -1 81 -1 141 -1 32 -1 79 -1 80 -1 142 -1 1 -1 79 -1 134 -1 136 -1 138 -1 114 -1 80 -1 31 -1 66 -1 150 -1 2 -1 52 -1 10 -1 92 -1 82 -1 16 -1 70 -1 20 -1 28 -1 58 -1 32 -1 34 -1 -2
87 -1 5 -1 115 -1 71 -1 73 -1 67 -1 75 -1 113 -1 107 -1 109 -1 111 -1 76 -1 72 -1 125 -1 108 -1 110 -1 112 -1 114 -1 74 -1 68 -1 88 -1 126 -1 6 -1 116 -1 -2
1 -1 123 -1 35 -1 127 -1 31 -1 2 -1 124 -1 53 -1 87 -1 125 -1 73 -1 74 -1 73 -1 74 -1 54 -1 88 -1 126 -1 1 -1 123 -1 57 -1 2 -1 124 -1 36 -1 128 -1 58 -1 32 -1 -2
141 -1 125 -1 51 -1 131 -1 15 -1 69 -1 19 -1 126 -1 3 -1 132 -1 143 -1 25 -1 144 -1 131 -1 26 -1 132 -1 142 -1 4 -1 52 -1 16 -1 70 -1 20 -1 -2
149 -1 87 -1 125 -1 35 -1 115 -1 133 -1 109 -1 167 -1 113 -1 53 -1 131 -1 105 -1 150 -1 151 -1 132 -1 54 -1 161 -1 89 -1 106 -1 117 -1 162 -1 36 -1 131 -1 51 -1 126 -1 152 -1 88 -1 118 -1 1 -1 105 -1 132 -1 134 -1 168 -1 52 -1 90 -1 110 -1 114 -1 106 -1 2 -1 116 -1 -2
117 -1 87 -1 88 -1 113 -1 118 -1 1 -1 125 -1 105 -1 2 -1 114 -1 87 -1 131 -1 88 -1 1 -1 132 -1 143 -1 106 -1 2 -1 126 -1 144 -1 -2
121 -1 141 -1 123 -1 161 -1 91 -1 81 -1 43 -1 124 -1 162 -1 107 -1 169 -1 113 -1 142 -1 135 -1 122 -1 87 -1 3 -1 89 -1 105 -1 4 -1 131 -1 88 -1 5 -1 141 -1 3 -1 132 -1 90 -1 161 -1 142 -1 53 -1 127 -1 108 -1 136 -1 170 -1 106 -1 114 -1 117 -1 118 -1 105 -1 162 -1 131 -1 54 -1 89 -1 106 -1 132 -1 117 -1 161 -1 90 -1 118 -1 4 -1 6 -1 128 -1 162 -1 92 -1 82 -1 44 -1 -2
125 -1 35 -1 151 -1 131 -1 9 -1 152 -1 129 -1 113 -1 107 -1 135 -1 169 -1 132 -1 161 -1 126 -1 1 -1 123 -1 36 -1 51 -1 108 -1 136 -1 170 -1 114 -1 2 -1 124 -1 52 -1 130 -1 162 -1 10 -1 -2
87 -1 125 -1 35 -1 151 -1 143 -1 107 -1 135 -1 169 -1 113 -1 152 -1 88 -1 129 -1 1 -1 105 -1 144 -1 161 -1 2 -1 141 -1 36 -1 51 -1 162 -1 27 -1 57 -1 65 -1 33 -1 131 -1 126 -1 3 -1 89 -1 106 -1 130 -1 117 -1 52 -1 151 -1 142 -1 5 -1 132 -1 4 -1 161 -1 125 -1 31 -1 90 -1 152 -1 7 -1 118 -1 105 -1 6 -1 127 -1 162 -1 136 -1 108 -1 170 -1 114 -1 143 -1 106 -1 126 -1 8 -1 128 -1 144 -1 28 -1 58 -1 66 -1 32 -1 34 -1 -2
119 -1 117 -1 123 -1 89 -1 129 -1 161 -1 71 -1 73 -1 157 -1 67 -1 75 -1 141 -1 124 -1 125 -1 142 -1 133 -1 109 -1 167 -1 113 -1 87 -1 90 -1 53 -1 118 -1 121 -1 72 -1 74 -1 158 -1 68 -1 76 -1 15 -1 69 -1 83 -1 17 -1 19 -1 27 -1 57 -1 65 -1 31 -1 33 -1 130 -1 127 -1 120 -1 122 -1 149 -1 117 -1 54 -1 7 -1 128 -1 5 -1 32 -1 18 -1 162 -1 8 -1 131 -1 126 -1 53 -1 150 -1 3 -1 6 -1 88 -1 118 -1 141 -1 105 -1 4 -1 132 -1 134 -1 110 -1 168 -1 143 -1 114 -1 106 -1 142 -1 54 -1 144 -1 16 -1 70 -1 84 -1 20 -1 28 -1 58 -1 66 -1 34 -1 -2
103 -1 87 -1 89 -1 131 -1 47 -1 71 -1 75 -1 104 -1 107 -1 135 -1 169 -1 113 -1 117 -1 90 -1 53 -1 132 -1 48 -1 161 -1 118 -1 105 -1 162 -1 131 -1 106 -1 72 -1 76 -1 136 -1 170 -1 139 -1 25 -1 108 -1 54 -1 88 -1 51 -1 7 -1 114 -1 26 -1 52 -1 8 -1 132 -1 140 -1 -2
5 -1 89 -1 71 -1 75 -1 113 -1 133 -1 109 -1 167 -1 153 -1 129 -1 6 -1 141 -1 90 -1 125 -1 35 -1 53 -1 142 -1 134 -1 110 -1 168 -1 126 -1 72 -1 76 -1 25 -1 31 -1 33 -1 130 -1 151 -1 54 -1 114 -1 26 -1 27 -1 28 -1 154 -1 36 -1 152 -1 32 -1 34 -1 -2
119 -1 51 -1 129 -1 67 -1 75 -1 47 -1 49 -1 21 -1 52 -1 53 -1 109 -1 167 -1 113 -1 35 -1 93 -1 133 -1 22 -1 94 -1 39 -1 117 -1 48 -1 77 -1 40 -1 125 -1 21 -1 68 -1 76 -1 31 -1 33 -1 78 -1 23 -1 47 -1 25 -1 131 -1 32 -1 36 -1 26 -1 130 -1 15 -1 69 -1 17 -1 19 -1 48 -1 126 -1 24 -1 3 -1 127 -1 27 -1 35 -1 29 -1 54 -1 4 -1 7 -1 22 -1 30 -1 128 -1 28 -1 34 -1 36 -1 151 -1 134 -1 110 -1 168 -1 18 -1 114 -1 43 -1 8 -1 50 -1 132 -1 120 -1 118 -1 152 -1 16 -1 70 -1 44 -1 20 -1 -2
149 -1 103 -1 129 -1 9 -1 59 -1 61 -1 55 -1 63 -1 150 -1 45 -1 49 -1 104 -1 133 -1 113 -1 105 -1 109 -1 167 -1 131 -1 60 -1 62 -1 56 -1 64 -1 46 -1 15 -1 83 -1 17 -1 19 -1 50 -1 69 -1 27 -1 57 -1 65 -1 31 -1 33 -1 35 -1 130 -1 151 -1 132 -1 152 -1 18 -1 129 -1 161 -1 32 -1 67 -1 106 -1 162 -1 117 -1 36 -1 131 -1 51 -1 118 -1 130 -1 52 -1 151 -1 16 -1 70 -1 84 -1 20 -1 35 -1 59 -1 61 -1 63 -1 89 -1 132 -1 28 -1 58 -1 66 -1 34 -1 152 -1 71 -1 75 -1 36 -1 90 -1 51 -1 134 -1 110 -1 168 -1 114 -1 52 -1 10 -1 60 -1 62 -1 64 -1 72 -1 68 -1 76 -1 -2
141 -1 35 -1 15 -1 69 -1 19 -1 31 -1 33 -1 113 -1 133 -1 109 -1 167 -1 32 -1 34 -1 142 -1 117 -1 87 -1 131 -1 16 -1 70 -1 20 -1 118 -1 45 -1 47 -1 49 -1 121 -1 46 -1 122 -1 132 -1 117 -1 48 -1 143 -1 118 -1 50 -1 105 -1 151 -1 106 -1 117 -1 152 -1 89 -1 134 -1 110 -1 168 -1 144 -1 131 -1 114 -1 118 -1 88 -1 36 -1 90 -1 132 -1 -2
105 -1 1 -1 51 -1 53 -1 161 -1 21 -1 49 -1 47 -1 107 -1 113 -1 135 -1 169 -1 22 -1 48 -1 50 -1 54 -1 37 -1 41 -1 89 -1 106 -1 162 -1 117 -1 2 -1 131 -1 125 -1 132 -1 161 -1 52 -1 35 -1 90 -1 53 -1 162 -1 131 -1 118 -1 105 -1 149 -1 42 -1 49 -1 106 -1 38 -1 136 -1 108 -1 170 -1 114 -1 132 -1 54 -1 143 -1 89 -1 50 -1 37 -1 41 -1 38 -1 42 -1 45 -1 49 -1 150 -1 126 -1 36 -1 90 -1 144 -1 46 -1 50 -1 -2
119 -1 3 -1 5 -1 151 -1 161 -1 15 -1 69 -1 19 -1 37 -1 41 -1 33 -1 133 -1 167 -1 113 -1 152 -1 129 -1 109 -1 38 -1 42 -1 27 -1 6 -1 141 -1 4 -1 125 -1 142 -1 28 -1 34 -1 87 -1 16 -1 70 -1 20 -1 47 -1 49 -1 162 -1 130 -1 127 -1 134 -1 168 -1 110 -1 143 -1 48 -1 50 -1 88 -1 126 -1 123 -1 114 -1 47 -1 49 -1 48 -1 50 -1 120 -1 124 -1 128 -1 144 -1 -2
153 -1 125 -1 129 -1 161 -1 162 -1 133 -1 109 -1 167 -1 113 -1 103 -1 35 -1 143 -1 87 -1 154 -1 104 -1 119 -1 121 -1 122 -1 103 -1 144 -1 104 -1 130 -1 105 -1 151 -1 36 -1 89 -1 106 -1 51 -1 117 -1 152 -1 129 -1 90 -1 53 -1 49 -1 130 -1 151 -1 52 -1 54 -1 89 -1 134 -1 110 -1 168 -1 118 -1 88 -1 114 -1 103 -1 1 -1 45 -1 46 -1 50 -1 120 -1 104 -1 2 -1 126 -1 90 -1 152 -1 -2
153 -1 117 -1 87 -1 3 -1 53 -1 9 -1 81 -1 27 -1 57 -1 65 -1 33 -1 143 -1 144 -1 107 -1 135 -1 169 -1 113 -1 131 -1 4 -1 118 -1 88 -1 125 -1 105 -1 141 -1 54 -1 7 -1 28 -1 58 -1 66 -1 34 -1 154 -1 106 -1 136 -1 170 -1 149 -1 117 -1 108 -1 114 -1 5 -1 6 -1 118 -1 35 -1 103 -1 132 -1 143 -1 150 -1 104 -1 142 -1 126 -1 36 -1 8 -1 144 -1 10 -1 82 -1 -2
119 -1 105 -1 87 -1 123 -1 51 -1 89 -1 161 -1 47 -1 90 -1 53 -1 107 -1 135 -1 169 -1 113 -1 106 -1 48 -1 117 -1 124 -1 37 -1 88 -1 125 -1 1 -1 54 -1 89 -1 151 -1 38 -1 162 -1 45 -1 49 -1 2 -1 126 -1 131 -1 120 -1 87 -1 3 -1 33 -1 152 -1 46 -1 129 -1 27 -1 4 -1 52 -1 50 -1 125 -1 5 -1 37 -1 41 -1 31 -1 118 -1 90 -1 130 -1 132 -1 103 -1 6 -1 143 -1 28 -1 34 -1 32 -1 38 -1 42 -1 108 -1 136 -1 170 -1 49 -1 114 -1 50 -1 104 -1 88 -1 126 -1 144 -1 -2
105 -1 1 -1 123 -1 161 -1 107 -1 135 -1 169 -1 113 -1 106 -1 2 -1 162 -1 124 -1 131 -1 51 -1 89 -1 108 -1 136 -1 170 -1 114 -1 52 -1 90 -1 132 -1 -2
35 -1 53 -1 161 -1 107 -1 135 -1 169 -1 113 -1 129 -1 27 -1 57 -1 65 -1 33 -1 162 -1 131 -1 15 -1 69 -1 83 -1 19 -1 141 -1 105 -1 142 -1 3 -1 36 -1 149 -1 106 -1 5 -1 31 -1 117 -1 4 -1 125 -1 54 -1 17 -1 7 -1 6 -1 35 -1 130 -1 132 -1 127 -1 161 -1 8 -1 28 -1 58 -1 66 -1 32 -1 34 -1 150 -1 53 -1 119 -1 118 -1 121 -1 16 -1 70 -1 84 -1 18 -1 20 -1 128 -1 122 -1 136 -1 170 -1 54 -1 108 -1 114 -1 126 -1 123 -1 120 -1 124 -1 36 -1 162 -1 -2
153 -1 125 -1 51 -1 131 -1 13 -1 113 -1 107 -1 135 -1 169 -1 52 -1 35 -1 27 -1 33 -1 154 -1 149 -1 49 -1 21 -1 47 -1 29 -1 31 -1 105 -1 48 -1 132 -1 77 -1 150 -1 161 -1 119 -1 30 -1 22 -1 78 -1 28 -1 71 -1 106 -1 32 -1 34 -1 103 -1 1 -1 108 -1 136 -1 170 -1 67 -1 75 -1 126 -1 114 -1 123 -1 36 -1 47 -1 120 -1 104 -1 2 -1 124 -1 162 -1 14 -1 48 -1 50 -1 72 -1 68 -1 76 -1 -2
117 -1 87 -1 131 -1 15 -1 69 -1 83 -1 19 -1 77 -1 41 -1 31 -1 33 -1 118 -1 132 -1 105 -1 161 -1 133 -1 109 -1 167 -1 113 -1 34 -1 71 -1 75 -1 32 -1 168 -1 88 -1 1 -1 134 -1 127 -1 106 -1 2 -1 16 -1 70 -1 78 -1 42 -1 103 -1 162 -1 110 -1 84 -1 20 -1 47 -1 49 -1 131 -1 114 -1 132 -1 48 -1 50 -1 143 -1 72 -1 76 -1 25 -1 33 -1 26 -1 34 -1 104 -1 128 -1 144 -1 -2
105 -1 151 -1 131 -1 49 -1 21 -1 107 -1 135 -1 169 -1 113 -1 152 -1 129 -1 149 -1 106 -1 22 -1 117 -1 45 -1 46 -1 50 -1 150 -1 119 -1 132 -1 161 -1 118 -1 1 -1 162 -1 131 -1 130 -1 136 -1 170 -1 108 -1 114 -1 123 -1 120 -1 2 -1 124 -1 132 -1 -2
149 -1 87 -1 125 -1 161 -1 13 -1 27 -1 29 -1 31 -1 33 -1 49 -1 21 -1 129 -1 133 -1 109 -1 167 -1 113 -1 162 -1 47 -1 30 -1 103 -1 131 -1 93 -1 73 -1 32 -1 67 -1 104 -1 132 -1 48 -1 117 -1 161 -1 74 -1 29 -1 150 -1 153 -1 130 -1 162 -1 127 -1 131 -1 15 -1 69 -1 17 -1 19 -1 94 -1 22 -1 28 -1 30 -1 7 -1 50 -1 34 -1 71 -1 75 -1 128 -1 129 -1 8 -1 5 -1 53 -1 18 -1 126 -1 3 -1 54 -1 7 -1 68 -1 76 -1 31 -1 33 -1 88 -1 4 -1 132 -1 141 -1 8 -1 72 -1 134 -1 110 -1 168 -1 118 -1 114 -1 32 -1 34 -1 103 -1 53 -1 31 -1 33 -1 27 -1 28 -1 32 -1 34 -1 154 -1 104 -1 142 -1 6 -1 54 -1 130 -1 14 -1 16 -1 70 -1 20 -1 -2
149 -1 105 -1 87 -1 35 -1 89 -1 127 -1 9 -1 133 -1 109 -1 167 -1 113 -1 150 -1 90 -1 153 -1 53 -1 128 -1 151 -1 106 -1 117 -1 88 -1 1 -1 143 -1 118 -1 105 -1 54 -1 152 -1 36 -1 89 -1 129 -1 51 -1 123 -1 144 -1 90 -1 161 -1 53 -1 52 -1 106 -1 103 -1 130 -1 162 -1 124 -1 151 -1 131 -1 134 -1 110 -1 168 -1 114 -1 2 -1 154 -1 104 -1 54 -1 152 -1 132 -1 10 -1 -2
119 -1 117 -1 89 -1 129 -1 143 -1 47 -1 45 -1 49 -1 90 -1 144 -1 53 -1 133 -1 109 -1 167 -1 113 -1 46 -1 48 -1 50 -1 51 -1 37 -1 41 -1 130 -1 42 -1 52 -1 54 -1 134 -1 110 -1 168 -1 118 -1 35 -1 114 -1 1 -1 38 -1 37 -1 41 -1 38 -1 42 -1 120 -1 2 -1 36 -1 -2
153 -1 141 -1 3 -1 5 -1 15 -1 69 -1 83 -1 19 -1 133 -1 109 -1 167 -1 113 -1 6 -1 129 -1 35 -1 53 -1 161 -1 4 -1 105 -1 125 -1 16 -1 70 -1 84 -1 20 -1 59 -1 61 -1 63 -1 142 -1 1 -1 106 -1 162 -1 121 -1 131 -1 154 -1 2 -1 119 -1 87 -1 130 -1 122 -1 127 -1 103 -1 132 -1 54 -1 7 -1 128 -1 36 -1 126 -1 5 -1 123 -1 134 -1 110 -1 168 -1 114 -1 120 -1 104 -1 88 -1 124 -1 6 -1 8 -1 60 -1 62 -1 64 -1 -2
141 -1 125 -1 15 -1 69 -1 19 -1 126 -1 123 -1 142 -1 124 -1 16 -1 70 -1 20 -1 -2
87 -1 125 -1 127 -1 59 -1 61 -1 63 -1 113 -1 109 -1 167 -1 7 -1 139 -1 5 -1 60 -1 62 -1 64 -1 15 -1 69 -1 17 -1 19 -1 126 -1 83 -1 3 -1 117 -1 133 -1 18 -1 140 -1 45 -1 47 -1 128 -1 88 -1 129 -1 141 -1 46 -1 8 -1 110 -1 134 -1 168 -1 85 -1 114 -1 118 -1 6 -1 142 -1 4 -1 130 -1 16 -1 70 -1 84 -1 20 -1 86 -1 48 -1 -2
119 -1 1 -1 125 -1 151 -1 37 -1 38 -1 2 -1 117 -1 87 -1 107 -1 113 -1 126 -1 135 -1 169 -1 123 -1 53 -1 124 -1 54 -1 152 -1 89 -1 108 -1 136 -1 170 -1 114 -1 120 -1 118 -1 88 -1 90 -1 -2
105 -1 1 -1 53 -1 13 -1 107 -1 135 -1 169 -1 113 -1 161 -1 106 -1 51 -1 162 -1 54 -1 89 -1 108 -1 136 -1 170 -1 114 -1 143 -1 2 -1 52 -1 90 -1 144 -1 14 -1 -2
87 -1 3 -1 5 -1 7 -1 161 -1 115 -1 15 -1 69 -1 83 -1 19 -1 33 -1 151 -1 71 -1 162 -1 113 -1 34 -1 8 -1 131 -1 133 -1 109 -1 167 -1 75 -1 88 -1 53 -1 141 -1 152 -1 132 -1 6 -1 129 -1 4 -1 161 -1 51 -1 105 -1 16 -1 70 -1 84 -1 20 -1 59 -1 61 -1 97 -1 63 -1 142 -1 162 -1 52 -1 143 -1 106 -1 35 -1 121 -1 1 -1 110 -1 168 -1 134 -1 114 -1 130 -1 151 -1 2 -1 87 -1 88 -1 122 -1 36 -1 54 -1 152 -1 144 -1 116 -1 60 -1 62 -1 98 -1 64 -1 72 -1 76 -1 -2
105 -1 5 -1 89 -1 129 -1 13 -1 91 -1 81 -1 15 -1 69 -1 83 -1 43 -1 19 -1 27 -1 31 -1 33 -1 90 -1 113 -1 28 -1 25 -1 44 -1 114 -1 26 -1 87 -1 27 -1 88 -1 1 -1 123 -1 130 -1 151 -1 28 -1 25 -1 26 -1 106 -1 2 -1 124 -1 6 -1 152 -1 14 -1 92 -1 82 -1 16 -1 70 -1 84 -1 20 -1 32 -1 34 -1 -2
119 -1 121 -1 113 -1 133 -1 109 -1 167 -1 120 -1 122 -1 149 -1 134 -1 168 -1 110 -1 114 -1 150 -1 -2
153 -1 105 -1 154 -1 149 -1 106 -1 107 -1 135 -1 169 -1 113 -1 117 -1 118 -1 105 -1 150 -1 119 -1 106 -1 117 -1 131 -1 49 -1 47 -1 48 -1 50 -1 118 -1 105 -1 106 -1 117 -1 118 -1 132 -1 121 -1 120 -1 122 -1 108 -1 136 -1 170 -1 114 -1 -2
103 -1 151 -1 131 -1 171 -1 173 -1 175 -1 177 -1 9 -1 152 -1 172 -1 174 -1 176 -1 178 -1 129 -1 107 -1 135 -1 169 -1 113 -1 104 -1 105 -1 132 -1 161 -1 51 -1 106 -1 162 -1 117 -1 136 -1 170 -1 89 -1 108 -1 114 -1 143 -1 118 -1 52 -1 90 -1 130 -1 144 -1 10 -1 -2
105 -1 123 -1 35 -1 151 -1 131 -1 152 -1 133 -1 109 -1 167 -1 113 -1 124 -1 127 -1 106 -1 125 -1 117 -1 128 -1 129 -1 31 -1 132 -1 36 -1 33 -1 5 -1 27 -1 118 -1 134 -1 110 -1 168 -1 105 -1 126 -1 114 -1 123 -1 1 -1 57 -1 130 -1 151 -1 37 -1 77 -1 41 -1 38 -1 78 -1 42 -1 58 -1 32 -1 106 -1 2 -1 124 -1 6 -1 152 -1 28 -1 34 -1 -2
119 -1 121 -1 141 -1 125 -1 51 -1 129 -1 15 -1 69 -1 83 -1 19 -1 71 -1 67 -1 75 -1 37 -1 41 -1 107 -1 113 -1 52 -1 35 -1 139 -1 17 -1 38 -1 42 -1 49 -1 126 -1 3 -1 122 -1 105 -1 50 -1 72 -1 76 -1 65 -1 33 -1 142 -1 49 -1 27 -1 87 -1 70 -1 169 -1 16 -1 61 -1 106 -1 135 -1 84 -1 18 -1 20 -1 117 -1 36 -1 131 -1 140 -1 59 -1 97 -1 63 -1 5 -1 28 -1 4 -1 125 -1 68 -1 88 -1 7 -1 31 -1 130 -1 6 -1 127 -1 50 -1 108 -1 136 -1 170 -1 114 -1 126 -1 3 -1 66 -1 32 -1 34 -1 120 -1 118 -1 4 -1 8 -1 128 -1 132 -1 60 -1 62 -1 98 -1 64 -1 -2
123 -1 89 -1 15 -1 69 -1 83 -1 19 -1 49 -1 45 -1 124 -1 46 -1 50 -1 90 -1 53 -1 87 -1 3 -1 49 -1 45 -1 46 -1 50 -1 88 -1 1 -1 54 -1 89 -1 2 -1 4 -1 90 -1 16 -1 70 -1 84 -1 20 -1 -2
87 -1 125 -1 53 -1 59 -1 61 -1 63 -1 65 -1 31 -1 33 -1 27 -1 57 -1 133 -1 113 -1 109 -1 167 -1 117 -1 54 -1 7 -1 32 -1 127 -1 131 -1 118 -1 88 -1 105 -1 141 -1 128 -1 132 -1 161 -1 134 -1 110 -1 168 -1 142 -1 114 -1 28 -1 58 -1 66 -1 34 -1 126 -1 3 -1 106 -1 4 -1 8 -1 162 -1 60 -1 62 -1 64 -1 -2
117 -1 125 -1 89 -1 143 -1 13 -1 15 -1 69 -1 17 -1 19 -1 144 -1 126 -1 90 -1 18 -1 3 -1 53 -1 33 -1 34 -1 54 -1 118 -1 4 -1 14 -1 16 -1 70 -1 20 -1 -2
105 -1 125 -1 35 -1 115 -1 59 -1 61 -1 63 -1 49 -1 53 -1 45 -1 107 -1 135 -1 169 -1 113 -1 46 -1 106 -1 37 -1 121 -1 143 -1 50 -1 41 -1 122 -1 144 -1 161 -1 105 -1 149 -1 106 -1 141 -1 162 -1 60 -1 64 -1 117 -1 131 -1 19 -1 62 -1 126 -1 15 -1 69 -1 3 -1 142 -1 36 -1 87 -1 5 -1 150 -1 119 -1 17 -1 4 -1 27 -1 33 -1 125 -1 38 -1 42 -1 6 -1 127 -1 21 -1 49 -1 35 -1 28 -1 25 -1 128 -1 108 -1 136 -1 170 -1 47 -1 171 -1 173 -1 175 -1 114 -1 118 -1 132 -1 177 -1 103 -1 129 -1 143 -1 26 -1 27 -1 93 -1 28 -1 34 -1 94 -1 120 -1 104 -1 88 -1 126 -1 36 -1 54 -1 130 -1 144 -1 172 -1 174 -1 176 -1 178 -1 116 -1 16 -1 70 -1 18 -1 20 -1 22 -1 48 -1 50 -1 -2
